4
4
-58.07466328205631 9.405672395543618
76.6319488338469 15.108858541202835
-53.443952147392 72.45288779108455
-78.93541967722052 68.32425998564514

6
70.54369550409413 -79.53062499560784
-56.37704753822208 -20.583817498762485
-87.37193555855474 -91.6436211495207
-67.54667759854604 74.29745725658617
81.93690436983397 -29.181281743280124
30.663829854406885 -13.413894994507714

6
-20.104365045221485 11.470846571974562
-7.140443639951741 -74.62149905630542
83.02974590501162 -78.42280813534694
-17.8169258450136 76.23171334405177
-88.3636586515233 21.426358677652118
16.118849162254207 9.278147106838446

3
-5.843922497460198 -45.87423560320103
-9.695281188689037 -9.830085438987652
-79.53335898306378 -5.952743811648901
